5545650 3904276
5545650 3904276
292919 3904276
5252731 3904276
1348455 3904276
3904276 3904276
0 0
0 0
0 0
0 0
0 0
0 0
0 0
0 0
0 0
0 0
0 0
0 0
0 0
0 0
0 0
0 0
159276 3904276
159276 3904276
159276 3904276
159276 3904276
0 0
159276 0
1752036 0
17520360 0
15927600 0
0 0
159276 0
159191 0
85 0
65 0
20 0
159276 0
159191 0
159191 0
159191 0
85 0
85 0
85 0
159276 0
159276 0
159276 0
3344796 0
26280540 0
24687780 0
1751991 0
159231 0
159166 0
65 0
1433529 0
1592760 0
23095020 0
477933 0
318657 0
1274628 0
955971 0
955971 0
2549256 0
2230599 0
2230599 0
477933 0
318657 0
0 0
477933 0
318657 0
318657 0
4459728 0
4300452 0
159276 0
159276 0
159276 0
159276 0
159276 0
159276 0
159276 0
955656 0
796380 0
159276 0
159276 0
333357 0
333357 0
333357 0
2245 0
331112 0
4052632 0
3390408 0
3390408 0
3390408 0
16633392 0
13242984 0
3390408 0
3721520 0
3390408 0
3390408 0
331112 0
9550 0
9550 0
9550 0
0 0
9550 0
710 0
8840 0
8840 0
8485 0
355 0
355 0
355 0
29580 0
29580 0
29580 0
29580 0
18115 0
18115 0
11465 0
470 0
470 0
10995 0
1585 0
1585 0
9410 0
9410 0
9410 0
9410 0
9410 0
9410 0
200075 0
200075 0
655700 0
655700 0
655700 0
36305 0
36305 0
810 0
810 0
28720 0
27910 0
810 0
0 0
48990 0
48180 0
810 0
1012949 0
1012949 0
25435 0
25435 0
152240 0
126805 0
126805 0
25435 0
25435 0
15750 0
9685 0
25435 0
25435 0
25435 0
25435 0
25435 0
25435 0
25435 0
152610 0
127175 0
25435 0
25435 0
25610 0
25610 0
0 0
25610 0
665860 0
640250 0
9680 0
25610 0
175 0
25435 0
910 0
910 0
2620 0
1710 0
1710 0
1710 0
1710 0
1710 0
1710 0
17850 0
16940 0
16940 0
16940 0
16940 0
16940 0
16940 0
17850 0
16940 0
16940 0
16940 0
16940 0
16940 0
16940 0
910 0
0 0
0 0
0 0
0 0
0 0
0 0
0 0
0 0
0 0
0 0
0 0
0 0
0 0
0 0
0 0
0 0
0 0
0 0
0 0
0 0
0 0
0 0
0 0
0 0
20096544 0
20096544 0
217713 0
203763 0
203763 0
13950 0
13950 0
13950 0
13950 0
13950 0
13950 0
13950 0
13950 0
13950 0
1510 0
12440 0
12440 0
12440 0
20082594 0
20082594 0
20082594 0
20082594 0
20082594 0
20082594 0
20095034 0
27345 0
27345 0
550 0
505 0
420 0
965 0
595 0
440 0
390 0
775 0
910 0
1560 0
910 0
1605 0
1960 0
1115 0
1490 0
630 0
1005 0
875 0
1515 0
1255 0
1320 0
980 0
1200 0
745 0
900 0
1065 0
1590 0
75 0
122464 0
122464 0
30 0
120 0
90 0
60 0
0 0
0 0
0 0
0 0
0 0
0 0
0 0
30 0
122464 0
106304 0
106304 0
1700 0
1275 0
425 0
106304 0
106304 0
106304 0
25 0
25 0
25 0
106304 0
106304 0
106304 0
300 0
300 0
140 0
160 0
750 0
625 0
35 0
35 0
106164 0
106304 0
106304 0
25 0
25 0
25 0
106304 0
106304 0
106304 0
106304 0
106304 0
106304 0
106304 0
106304 0
106304 0
106304 0
106304 0
0 0
106304 0
106304 0
106304 0
106304 0
106304 0
106304 0
19909225 19329577
19171359 19171359
735 0
19171359 19171359
19171359 19171359
19171359 19171359
79109 36689
19092250 9092250
19092250 0
19092250 6093320
19250468 6092250
19092250 9223250
19092250 9092232
79109 0
175 0
140 0
35 0
135 0
100 0
65 0
35 0
35 0
70150 0
60250 0
60250 0
9900 0
9900 0
9900 0
9900 0
3585 0
3585 0
6315 0
1010 0
1010 0
1010 0
1010 0
5305 0
5305 0
5305 0
5305 0
9900 0
70150 0
60250 0
60250 0
9900 0
320 0
180 0
180 0
175 0
5 0
0 0
5 0
0 0
5 0
5 0
20 0
20 0
5 0
5 0
5 0
35 0
35 0
35 0
35 0
250 0
180 0
15 0
15 0
15 0
55 0
40 0
15 0
15 0
15 0
165 0
20 0
20 0
20 0
20 0
20 0
0 0
20 0
145 0
0 0
0 0
0 0
0 0
0 0
35 0
30 0
30 0
30 0
25 0
5 0
30 0
20 0
25 0
20 0
15 0
10 0
5 0
0 0
0 0
0 0
0 0
30 0
50 0
5 0
5 0
45 0
10 0
35 0
35 0
50 0
50 0
85 0
20 0
0 0
0 0
20 0
20 0
20 0
0 0
65 0
90 0
75 0
75 0
75 0
75 0
15 0
65 0
65 0
65 0
65 0
65 0
65 0
85 0
40 0
40 0
40 0
340 0
310 0
55 0
235 0
35 0
35 0
165 0
85 0
300 0
300 0
225 0
75 0
0 0
450 0
375 0
0 0
75 0
75 0
0 0
0 0
0 0
0 0
0 0
0 0
0 0
0 0
0 0
0 0
0 0
0 0
10 0
10 0
0 0
10 0
10 0
10 0
10 0
10 0
10 0
15 0
15 0
15 0
15 0
15 0
15 0
140 0
100 0
60 0
60 0
60 0
40 0
25 0
150 0
125 0
0 0
0 0
25 0
0 0
0 0
0 0
0 0
0 0
25 0
16160 0
16160 0
805 0
805 0
710 0
710 0
805 0
805 0
10 0
795 0
0 0
795 0
795 0
795 0
805 0
14900 0
14900 0
50 0
14850 0
0 0
0 0
14850 0
5 0
5 0
14845 0
14845 0
14850 0
14850 0
194996 0
194996 0
1169621 0
974625 0
683688 0
290937 0
1010 0
289927 0
0 0
194996 0
194996 0
