Algorithm 2 - Better Enumeration
Original: [1, 4, -9, 8, 1, 3, 3, 1, -1, -4, -6, 2, 8, 19, -10, -11]
Subarray: [8, 1, 3, 3, 1, -1, -4, -6, 2, 8, 19]
Max Sum: 34
Run time: 0.0

Algorithm 1 - Enumeration
Original: [1, 4, -9, 8, 1, 3, 3, 1, -1, -4, -6, 2, 8, 19, -10, -11]
Subarray: [8, 1, 3, 3, 1, -1, -4, -6, 2, 8, 19]
Max Sum: 34
Run time: 0.0

Algorithm 2 - Better Enumeration
Original: [2, 9, 8, 6, 5, -11, 9, -11, 7, 5, -1, -8, -3, 7, -2]
Subarray: [2, 9, 8, 6, 5]
Max Sum: 30
Run time: 0.0

Algorithm 1 - Enumeration
Original: [2, 9, 8, 6, 5, -11, 9, -11, 7, 5, -1, -8, -3, 7, -2]
Subarray: [2, 9, 8, 6, 5]
Max Sum: 30
Run time: 0.0

Algorithm 2 - Better Enumeration
Original: [10, -11, -1, -9, 33, -45, 23, 24, -1, -7, -8, 19]
Subarray: [23, 24, -1, -7, -8, 19]
Max Sum: 50
Run time: 0.000999927520752

Algorithm 1 - Enumeration
Original: [10, -11, -1, -9, 33, -45, 23, 24, -1, -7, -8, 19]
Subarray: [23, 24, -1, -7, -8, 19]
Max Sum: 50
Run time: 0.0

Algorithm 2 - Better Enumeration
Original: [31, -41, 59, 26, -53, 58, 97, -93, -23, 84]
Subarray: [59, 26, -53, 58, 97]
Max Sum: 187
Run time: 0.0

Algorithm 1 - Enumeration
Original: [31, -41, 59, 26, -53, 58, 97, -93, -23, 84]
Subarray: [59, 26, -53, 58, 97]
Max Sum: 187
Run time: 0.0

Algorithm 2 - Better Enumeration
Original: [3, 2, 1, 1, -8, 1, 1, 2, 3]
Subarray: [3, 2, 1, 1]
Max Sum: 7
Run time: 0.0

Algorithm 1 - Enumeration
Original: [3, 2, 1, 1, -8, 1, 1, 2, 3]
Subarray: [3, 2, 1, 1]
Max Sum: 7
Run time: 0.0

Algorithm 2 - Better Enumeration
Original: [12, 99, 99, -99, -27, 0, 0, 0, -3, 10]
Subarray: [12, 99, 99]
Max Sum: 210
Run time: 0.0

Algorithm 1 - Enumeration
Original: [12, 99, 99, -99, -27, 0, 0, 0, -3, 10]
Subarray: [12, 99, 99]
Max Sum: 210
Run time: 0.0

Algorithm 2 - Better Enumeration
Original: [-2, 1, -3, 4, -1, 2, 1, -5, 4]
Subarray: [4, -1, 2, 1]
Max Sum: 6
Run time: 0.0

Algorithm 1 - Enumeration
Original: [-2, 1, -3, 4, -1, 2, 1, -5, 4]
Subarray: [4, -1, 2, 1]
Max Sum: 6
Run time: 0.0

Algorithm 2 - Better Enumeration
Original: [-81, 395, -393, 98, 271, -325, 408, -301, 30, -435, -494, -457, -113, -53, 456, -256, 170, 192, 194, -224, 440, -360, 228, 38, 103, -464, 116, -208, 374, 53, -252, 404, 228, 117, 18, 164, 125, -5, -404, 182, -88, -153, 233, -444, 392, 34, -365, 215, 477, 252, 323, 180, 322, -165, -341, -195, 123, 230, -251, -134, 368, 499, 386, 186, -57, -384, 255, 12, 208, -365, -390, -403, -274, 455, 320, -203, 199, -403, -204, 485, -4, -157, -231, 205, -293, 304, -199, -29, -136, 218, 38, 392, 113, 495, -257, 172, 172, -168, -335, -13]
Subarray: [456, -256, 170, 192, 194, -224, 440, -360, 228, 38, 103, -464, 116, -208, 374, 53, -252, 404, 228, 117, 18, 164, 125, -5, -404, 182, -88, -153, 233, -444, 392, 34, -365, 215, 477, 252, 323, 180, 322, -165, -341, -195, 123, 230, -251, -134, 368, 499, 386, 186, -57, -384, 255, 12, 208, -365, -390, -403, -274, 455, 320, -203, 199, -403, -204, 485, -4, -157, -231, 205, -293, 304, -199, -29, -136, 218, 38, 392, 113, 495, -257, 172, 172]
Max Sum: 3567
Run time: 0.0

Algorithm 1 - Enumeration
Original: [-81, 395, -393, 98, 271, -325, 408, -301, 30, -435, -494, -457, -113, -53, 456, -256, 170, 192, 194, -224, 440, -360, 228, 38, 103, -464, 116, -208, 374, 53, -252, 404, 228, 117, 18, 164, 125, -5, -404, 182, -88, -153, 233, -444, 392, 34, -365, 215, 477, 252, 323, 180, 322, -165, -341, -195, 123, 230, -251, -134, 368, 499, 386, 186, -57, -384, 255, 12, 208, -365, -390, -403, -274, 455, 320, -203, 199, -403, -204, 485, -4, -157, -231, 205, -293, 304, -199, -29, -136, 218, 38, 392, 113, 495, -257, 172, 172, -168, -335, -13]
Subarray: [456, -256, 170, 192, 194, -224, 440, -360, 228, 38, 103, -464, 116, -208, 374, 53, -252, 404, 228, 117, 18, 164, 125, -5, -404, 182, -88, -153, 233, -444, 392, 34, -365, 215, 477, 252, 323, 180, 322, -165, -341, -195, 123, 230, -251, -134, 368, 499, 386, 186, -57, -384, 255, 12, 208, -365, -390, -403, -274, 455, 320, -203, 199, -403, -204, 485, -4, -157, -231, 205, -293, 304, -199, -29, -136, 218, 38, 392, 113, 495, -257, 172, 172]
Max Sum: 3567
Run time: 0.00999999046326

Algorithm 2 - Better Enumeration
Original: [259, -87, 177, -297, -256, 316, 487, 156, 108, -167, -318, -294, -416, -407, -253, 327, 177, 310, 87, 363, 459, -75, -397, -24, -448, 360, -174, -454, -43, -448, 477, -11, -288, 287, -326, 128, 430, 78, -385, 175, 269, 252, -31, 141, -265, -355, -99, 215, 358, 54, -441, -461, 149, 175, 401, -399, -130, -496, 13, 30, -378, -438, 275, 149, 467, 269, -163, -270, 384, 149, 167, 194, -86, -289, 493, -44, 402, 285, -485, -303, -68, -370, -176, -375, -72, -266, -401, 195, -307, 274, 463, 34, -42, 441, 102, 357, 175, -188, 41, -474]
Subarray: [275, 149, 467, 269, -163, -270, 384, 149, 167, 194, -86, -289, 493, -44, 402, 285]
Max Sum: 2382
Run time: 0.0

Algorithm 1 - Enumeration
Original: [259, -87, 177, -297, -256, 316, 487, 156, 108, -167, -318, -294, -416, -407, -253, 327, 177, 310, 87, 363, 459, -75, -397, -24, -448, 360, -174, -454, -43, -448, 477, -11, -288, 287, -326, 128, 430, 78, -385, 175, 269, 252, -31, 141, -265, -355, -99, 215, 358, 54, -441, -461, 149, 175, 401, -399, -130, -496, 13, 30, -378, -438, 275, 149, 467, 269, -163, -270, 384, 149, 167, 194, -86, -289, 493, -44, 402, 285, -485, -303, -68, -370, -176, -375, -72, -266, -401, 195, -307, 274, 463, 34, -42, 441, 102, 357, 175, -188, 41, -474]
Subarray: [275, 149, 467, 269, -163, -270, 384, 149, 167, 194, -86, -289, 493, -44, 402, 285]
Max Sum: 2382
Run time: 0.00999999046326

Algorithm 2 - Better Enumeration
Original: [-22, -336, -391, -233, -363, -308, 88, -142, 72, -212, 309, -315, 234, -372, -147, 136, 19, -283, 123, -262, -126, -197, 463, 305, -93, 348, 270, -468, 362, -388, -142, 414, 186, -369, 366, -316, 480, 59, 16, -243, 302, 432, 349, -495, 37, -148, 215, 281, -328, 334, 64, -448, 188, -285, 498, -81, 318, -360, -386, -185, 90, 362, -12, -238, 450, 401, -227, -123, 355, 420, -419, 433, 378, -56, -422, 121, -142, 489, -247, 336, 364, -17, -483, 7, 236, 203, -384, -266, -321, 449, 171, 203, -394, -477, 178, 104, -380, -265, 27, -244]
Subarray: [463, 305, -93, 348, 270, -468, 362, -388, -142, 414, 186, -369, 366, -316, 480, 59, 16, -243, 302, 432, 349, -495, 37, -148, 215, 281, -328, 334, 64, -448, 188, -285, 498, -81, 318, -360, -386, -185, 90, 362, -12, -238, 450, 401, -227, -123, 355, 420, -419, 433, 378, -56, -422, 121, -142, 489, -247, 336, 364]
Max Sum: 3865
Run time: 0.00100016593933

Algorithm 1 - Enumeration
Original: [-22, -336, -391, -233, -363, -308, 88, -142, 72, -212, 309, -315, 234, -372, -147, 136, 19, -283, 123, -262, -126, -197, 463, 305, -93, 348, 270, -468, 362, -388, -142, 414, 186, -369, 366, -316, 480, 59, 16, -243, 302, 432, 349, -495, 37, -148, 215, 281, -328, 334, 64, -448, 188, -285, 498, -81, 318, -360, -386, -185, 90, 362, -12, -238, 450, 401, -227, -123, 355, 420, -419, 433, 378, -56, -422, 121, -142, 489, -247, 336, 364, -17, -483, 7, 236, 203, -384, -266, -321, 449, 171, 203, -394, -477, 178, 104, -380, -265, 27, -244]
Subarray: [463, 305, -93, 348, 270, -468, 362, -388, -142, 414, 186, -369, 366, -316, 480, 59, 16, -243, 302, 432, 349, -495, 37, -148, 215, 281, -328, 334, 64, -448, 188, -285, 498, -81, 318, -360, -386, -185, 90, 362, -12, -238, 450, 401, -227, -123, 355, 420, -419, 433, 378, -56, -422, 121, -142, 489, -247, 336, 364]
Max Sum: 3865
Run time: 0.00999999046326

Algorithm 2 - Better Enumeration
Original: [45, -413, 141, 354, -419, 320, -365, 198, 92, -264, -458, 96, 336, -280, -337, -481, -486, -107, -238, -262, 294, -474, -181, -413, 71, 128, -127, -398, 33, 257, 158, 392, -194, -65, -249, -417, 31, -399, 118, -431, -407, -337, 135, 159, -395, -341, 174, 257, -251, -180, -373, 160, -272, 403, 449, -188, -288, -488, -144, 484, 302, -42, -255, 93, 100, 471, -191, -464, -386, -267, -350, 1, -240, 358, -493, 188, -189, 428, 30, -124, -421, -160, -251, -204, -242, -63, -29, -157, 311, 438, 258, -499, -29, -40, -267, -308, -173, 422, -497, 280]
Subarray: [484, 302, -42, -255, 93, 100, 471]
Max Sum: 1153
Run time: 0.0

Algorithm 1 - Enumeration
Original: [45, -413, 141, 354, -419, 320, -365, 198, 92, -264, -458, 96, 336, -280, -337, -481, -486, -107, -238, -262, 294, -474, -181, -413, 71, 128, -127, -398, 33, 257, 158, 392, -194, -65, -249, -417, 31, -399, 118, -431, -407, -337, 135, 159, -395, -341, 174, 257, -251, -180, -373, 160, -272, 403, 449, -188, -288, -488, -144, 484, 302, -42, -255, 93, 100, 471, -191, -464, -386, -267, -350, 1, -240, 358, -493, 188, -189, 428, 30, -124, -421, -160, -251, -204, -242, -63, -29, -157, 311, 438, 258, -499, -29, -40, -267, -308, -173, 422, -497, 280]
Subarray: [484, 302, -42, -255, 93, 100, 471]
Max Sum: 1153
Run time: 0.00899982452393

Algorithm 2 - Better Enumeration
Original: [110, 369, -376, 279, 474, -242, 275, 403, 497, -262, 207, 107, 132, -90, 0, -307, -127, -200, -246, 291, -182, 184, -149, 466, -355, -361, -337, 224, -371, 272, -82, 328, 392, 163, -58, 240, -81, 115, -76, 373, 62, -448, -385, 224, -288, 288, -301, 197, 341, -482, -222, -16, 376, 347, -419, 301, 328, -467, 117, 149, -59, 334, 430, -81, -236, -216, -214, 338, -58, -46, -239, 405, -177, 31, 394, 122, -42, -90, 417, -10, -351, 154, 302, -71, 198, 268, -75, 198, -189, 126, -291, 86, 463, -88, -242, 37, -333, 274, 130, -457]
Subarray: [110, 369, -376, 279, 474, -242, 275, 403, 497, -262, 207, 107, 132, -90, 0, -307, -127, -200, -246, 291, -182, 184, -149, 466, -355, -361, -337, 224, -371, 272, -82, 328, 392, 163, -58, 240, -81, 115, -76, 373, 62, -448, -385, 224, -288, 288, -301, 197, 341, -482, -222, -16, 376, 347, -419, 301, 328, -467, 117, 149, -59, 334, 430, -81, -236, -216, -214, 338, -58, -46, -239, 405, -177, 31, 394, 122, -42, -90, 417, -10, -351, 154, 302, -71, 198, 268, -75, 198, -189, 126, -291, 86, 463]
Max Sum: 3522
Run time: 0.0

Algorithm 1 - Enumeration
Original: [110, 369, -376, 279, 474, -242, 275, 403, 497, -262, 207, 107, 132, -90, 0, -307, -127, -200, -246, 291, -182, 184, -149, 466, -355, -361, -337, 224, -371, 272, -82, 328, 392, 163, -58, 240, -81, 115, -76, 373, 62, -448, -385, 224, -288, 288, -301, 197, 341, -482, -222, -16, 376, 347, -419, 301, 328, -467, 117, 149, -59, 334, 430, -81, -236, -216, -214, 338, -58, -46, -239, 405, -177, 31, 394, 122, -42, -90, 417, -10, -351, 154, 302, -71, 198, 268, -75, 198, -189, 126, -291, 86, 463, -88, -242, 37, -333, 274, 130, -457]
Subarray: [110, 369, -376, 279, 474, -242, 275, 403, 497, -262, 207, 107, 132, -90, 0, -307, -127, -200, -246, 291, -182, 184, -149, 466, -355, -361, -337, 224, -371, 272, -82, 328, 392, 163, -58, 240, -81, 115, -76, 373, 62, -448, -385, 224, -288, 288, -301, 197, 341, -482, -222, -16, 376, 347, -419, 301, 328, -467, 117, 149, -59, 334, 430, -81, -236, -216, -214, 338, -58, -46, -239, 405, -177, 31, 394, 122, -42, -90, 417, -10, -351, 154, 302, -71, 198, 268, -75, 198, -189, 126, -291, 86, 463]
Max Sum: 3522
Run time: 0.00999999046326

Algorithm 2 - Better Enumeration
Original: [407, 437, 250, 301, 133, -86, -42, -45, 49, -471, 134, 52, -414, 258, -382, -333, -59, -332, 155, -86, -488, 12, 430, -203, 147, -449, -445, -405, -343, -185, 98, -375, -213, 236, -463, -181, -424, -145, -303, 61, -257, -111, 480, 211, -419, -120, -247, -194, -282, 11, 400, 53, 340, -202, 366, 300, -290, 347, 299, -415, 234, -447, 249, -81, 418, 453, -54, 165, 370, -6, 11, 460, -174, -316, 417, -320, -379, 264, 370, -287, 313, 85, 123, -171, 304, 149, -122, 160, 406, 130, 43, -173, 195, 132, -318, -393, -180, -148, -98, 103]
Subarray: [11, 400, 53, 340, -202, 366, 300, -290, 347, 299, -415, 234, -447, 249, -81, 418, 453, -54, 165, 370, -6, 11, 460, -174, -316, 417, -320, -379, 264, 370, -287, 313, 85, 123, -171, 304, 149, -122, 160, 406, 130, 43, -173, 195, 132]
Max Sum: 4130
Run time: 0.0

Algorithm 1 - Enumeration
Original: [407, 437, 250, 301, 133, -86, -42, -45, 49, -471, 134, 52, -414, 258, -382, -333, -59, -332, 155, -86, -488, 12, 430, -203, 147, -449, -445, -405, -343, -185, 98, -375, -213, 236, -463, -181, -424, -145, -303, 61, -257, -111, 480, 211, -419, -120, -247, -194, -282, 11, 400, 53, 340, -202, 366, 300, -290, 347, 299, -415, 234, -447, 249, -81, 418, 453, -54, 165, 370, -6, 11, 460, -174, -316, 417, -320, -379, 264, 370, -287, 313, 85, 123, -171, 304, 149, -122, 160, 406, 130, 43, -173, 195, 132, -318, -393, -180, -148, -98, 103]
Subarray: [11, 400, 53, 340, -202, 366, 300, -290, 347, 299, -415, 234, -447, 249, -81, 418, 453, -54, 165, 370, -6, 11, 460, -174, -316, 417, -320, -379, 264, 370, -287, 313, 85, 123, -171, 304, 149, -122, 160, 406, 130, 43, -173, 195, 132]
Max Sum: 4130
Run time: 0.00999999046326

Algorithm 2 - Better Enumeration
Original: [-38, -263, -227, -215, 220, 306, 52, 382, -163, -38, -290, -57, -440, -72, -438, -458, 92, 278, -39, -106, 208, -102, -82, 457, -372, 131, -368, 251, -473, -239, -152, 361, 228, 57, 74, -53, -434, 2, -206, 178, 295, 358, -291, 50, -295, -158, -421, -53, -326, -83, -477, 172, 380, 492, 443, 242, 269, 431, 419, -152, -387, -406, -442, 6, 143, 86, 126, 210, 234, 105, 310, 233, -368, 193, -8, 371, 289, 229, -299, -112, 444, 12, 378, -305, 25, 109, -413, 355, 164, -343, 60, -366, 434, 0, -370, -432, 440, -245, -487, 76]
Subarray: [172, 380, 492, 443, 242, 269, 431, 419, -152, -387, -406, -442, 6, 143, 86, 126, 210, 234, 105, 310, 233, -368, 193, -8, 371, 289, 229, -299, -112, 444, 12, 378]
Max Sum: 4043
Run time: 0.0

Algorithm 1 - Enumeration
Original: [-38, -263, -227, -215, 220, 306, 52, 382, -163, -38, -290, -57, -440, -72, -438, -458, 92, 278, -39, -106, 208, -102, -82, 457, -372, 131, -368, 251, -473, -239, -152, 361, 228, 57, 74, -53, -434, 2, -206, 178, 295, 358, -291, 50, -295, -158, -421, -53, -326, -83, -477, 172, 380, 492, 443, 242, 269, 431, 419, -152, -387, -406, -442, 6, 143, 86, 126, 210, 234, 105, 310, 233, -368, 193, -8, 371, 289, 229, -299, -112, 444, 12, 378, -305, 25, 109, -413, 355, 164, -343, 60, -366, 434, 0, -370, -432, 440, -245, -487, 76]
Subarray: [172, 380, 492, 443, 242, 269, 431, 419, -152, -387, -406, -442, 6, 143, 86, 126, 210, 234, 105, 310, 233, -368, 193, -8, 371, 289, 229, -299, -112, 444, 12, 378]
Max Sum: 4043
Run time: 0.00999999046326

Algorithm 2 - Better Enumeration
Original: [-219, 322, -94, 450, -347, 340, 418, -389, -213, -244, -500, -234, -119, 360, 368, 125, -238, -21, 328, 248, -241, 453, -405, -117, -189, -421, 392, -5, 381, -308, 289, 240, -220, 168, -218, -200, -266, -313, -47, 202, 89, 248, 163, -402, 388, 185, 22, 494, 487, 81, 413, 44, 340, 245, -206, -289, 63, -500, -451, -48, 311, 86, -149, 106, -236, -64, 265, -403, 161, 292, -411, -54, 60, 168, -113, 285, 485, 300, 449, 61, 250, 171, 223, 95, -309, -308, 286, -364, -390, 81, -483, 28, -195, -118, -482, -364, 120, 4, 97, 411]
Subarray: [360, 368, 125, -238, -21, 328, 248, -241, 453, -405, -117, -189, -421, 392, -5, 381, -308, 289, 240, -220, 168, -218, -200, -266, -313, -47, 202, 89, 248, 163, -402, 388, 185, 22, 494, 487, 81, 413, 44, 340, 245, -206, -289, 63, -500, -451, -48, 311, 86, -149, 106, -236, -64, 265, -403, 161, 292, -411, -54, 60, 168, -113, 285, 485, 300, 449, 61, 250, 171, 223, 95]
Max Sum: 4049
Run time: 0.0

Algorithm 1 - Enumeration
Original: [-219, 322, -94, 450, -347, 340, 418, -389, -213, -244, -500, -234, -119, 360, 368, 125, -238, -21, 328, 248, -241, 453, -405, -117, -189, -421, 392, -5, 381, -308, 289, 240, -220, 168, -218, -200, -266, -313, -47, 202, 89, 248, 163, -402, 388, 185, 22, 494, 487, 81, 413, 44, 340, 245, -206, -289, 63, -500, -451, -48, 311, 86, -149, 106, -236, -64, 265, -403, 161, 292, -411, -54, 60, 168, -113, 285, 485, 300, 449, 61, 250, 171, 223, 95, -309, -308, 286, -364, -390, 81, -483, 28, -195, -118, -482, -364, 120, 4, 97, 411]
Subarray: [360, 368, 125, -238, -21, 328, 248, -241, 453, -405, -117, -189, -421, 392, -5, 381, -308, 289, 240, -220, 168, -218, -200, -266, -313, -47, 202, 89, 248, 163, -402, 388, 185, 22, 494, 487, 81, 413, 44, 340, 245, -206, -289, 63, -500, -451, -48, 311, 86, -149, 106, -236, -64, 265, -403, 161, 292, -411, -54, 60, 168, -113, 285, 485, 300, 449, 61, 250, 171, 223, 95]
Max Sum: 4049
Run time: 0.00999999046326

Algorithm 2 - Better Enumeration
Original: [-34, -107, 185, 308, -112, 234, -446, -118, 299, -385, 207, -369, -475, 62, -235, 17, -170, -36, 84, -447, -465, -209, 424, -175, 394, -431, 186, -29, -438, -373, 396, 130, 79, -314, -245, 413, 304, -297, 339, 86, -179, 42, -478, -404, 78, 485, 420, -15, 470, -349, -97, -162, 292, -197, -251, -369, -311, -243, 472, 360, 206, -208, -307, -302, -226, -253, 177, -382, -151, 292, -178, -411, 238, 386, 25, 198, 127, -180, -412, 451, -131, 206, -459, -293, 477, -373, 334, 236, -39, -429, -249, 247, 162, -247, -407, -307, 447, -426, 47, -395]
Subarray: [78, 485, 420, -15, 470]
Max Sum: 1438
Run time: 0.0

Algorithm 1 - Enumeration
Original: [-34, -107, 185, 308, -112, 234, -446, -118, 299, -385, 207, -369, -475, 62, -235, 17, -170, -36, 84, -447, -465, -209, 424, -175, 394, -431, 186, -29, -438, -373, 396, 130, 79, -314, -245, 413, 304, -297, 339, 86, -179, 42, -478, -404, 78, 485, 420, -15, 470, -349, -97, -162, 292, -197, -251, -369, -311, -243, 472, 360, 206, -208, -307, -302, -226, -253, 177, -382, -151, 292, -178, -411, 238, 386, 25, 198, 127, -180, -412, 451, -131, 206, -459, -293, 477, -373, 334, 236, -39, -429, -249, 247, 162, -247, -407, -307, 447, -426, 47, -395]
Subarray: [78, 485, 420, -15, 470]
Max Sum: 1438
Run time: 0.0100002288818

Algorithm 2 - Better Enumeration
Original: [48, 445, 463, -103, 317, -268, -84, 115, -169, 130, -237, 25, -304, -159, 104, -441, 216, -404, 472, -131, 443, 7, 229, -459, 39, -289, 205, -206, -174, -253, -3, -371, -387, 252, 293, -166, 311, -330, 494, 282, -210, 164, 144, 229, -242, -255, 79, 279, -458, 296, 37, 435, 74, 220, 387, 500, 175, 88, -244, 159, 257, 55, 158, 489, -38, -292, -196, 309, 491, -365, 391, 195, 321, 427, -348, -453, -243, -171, -89, 230, 489, -251, 251, -351, 340, -420, -247, 3, 191, 103, 436, -26, -132, 181, 275, -345, -66, 443, 382, -326]
Subarray: [252, 293, -166, 311, -330, 494, 282, -210, 164, 144, 229, -242, -255, 79, 279, -458, 296, 37, 435, 74, 220, 387, 500, 175, 88, -244, 159, 257, 55, 158, 489, -38, -292, -196, 309, 491, -365, 391, 195, 321, 427, -348, -453, -243, -171, -89, 230, 489, -251, 251, -351, 340, -420, -247, 3, 191, 103, 436, -26, -132, 181, 275, -345, -66, 443, 382]
Max Sum: 5377
Run time: 0.0

Algorithm 1 - Enumeration
Original: [48, 445, 463, -103, 317, -268, -84, 115, -169, 130, -237, 25, -304, -159, 104, -441, 216, -404, 472, -131, 443, 7, 229, -459, 39, -289, 205, -206, -174, -253, -3, -371, -387, 252, 293, -166, 311, -330, 494, 282, -210, 164, 144, 229, -242, -255, 79, 279, -458, 296, 37, 435, 74, 220, 387, 500, 175, 88, -244, 159, 257, 55, 158, 489, -38, -292, -196, 309, 491, -365, 391, 195, 321, 427, -348, -453, -243, -171, -89, 230, 489, -251, 251, -351, 340, -420, -247, 3, 191, 103, 436, -26, -132, 181, 275, -345, -66, 443, 382, -326]
Subarray: [252, 293, -166, 311, -330, 494, 282, -210, 164, 144, 229, -242, -255, 79, 279, -458, 296, 37, 435, 74, 220, 387, 500, 175, 88, -244, 159, 257, 55, 158, 489, -38, -292, -196, 309, 491, -365, 391, 195, 321, 427, -348, -453, -243, -171, -89, 230, 489, -251, 251, -351, 340, -420, -247, 3, 191, 103, 436, -26, -132, 181, 275, -345, -66, 443, 382]
Max Sum: 5377
Run time: 0.00999999046326

